padName=meta35
type=35
nameBkgFile=hyper5-1.png
pathBkgFile=/home/dominique/Compile/CodeBlocks/metaSurface2/surfacesBkg
surfaceWidth=900
surfaceHeight=900
editLineColor=18f608ff
editLineThickness=1
barycentreColor=f60c06ff
pointColor=e4ec1bff
temporisationMin=5
temporisationMax=20
vieMin=10000
vieMax=300000
exploseMax=10
pad=0
dim=8
fileSound=
path=
canaux=0
daw=0
duree0
track=0
cx=805
cy=528
dimMixer=1.0
gainMin=0
gainMax=2
fx=0
curseurEtat=0
curseurType=0
curseurX=0
curseurY=0
listfx=
px=848
py=509
px=847
py=545
px=825
py=580
px=744
py=559
px=756
py=527
px=776
py=493
px=800
py=467
px=822
py=492
distanceMax=68.4251
pad=1
dim=8
fileSound=
path=
canaux=0
daw=0
duree0
track=0
cx=819
cy=409
dimMixer=1.0
gainMin=0
gainMax=2
fx=0
curseurEtat=0
curseurType=0
curseurX=0
curseurY=0
listfx=
px=861
py=400
px=857
py=420
px=856
py=436
px=799
py=465
px=777
py=421
px=770
py=370
px=843
py=367
px=848
py=384
distanceMax=62.6259
pad=2
dim=8
fileSound=
path=
canaux=0
daw=0
duree0
track=0
cx=815
cy=334
dimMixer=1.0
gainMin=0
gainMax=2
fx=0
curseurEtat=0
curseurType=0
curseurX=0
curseurY=0
listfx=
px=855
py=328
px=846
py=363
px=807
py=366
px=771
py=366
px=782
py=324
px=802
py=289
px=823
py=301
px=843
py=305
distanceMax=54.4059
pad=3
dim=6
fileSound=
path=
canaux=0
daw=0
duree0
track=0
cx=804
cy=248
dimMixer=1.0
gainMin=0
gainMax=2
fx=0
curseurEtat=0
curseurType=0
curseurX=0
curseurY=0
listfx=
px=831
py=254
px=801
py=284
px=778
py=258
px=775
py=232
px=812
py=223
px=826
py=237
distanceMax=36.1248
pad=4
dim=8
fileSound=
path=
canaux=0
daw=0
duree0
track=0
cx=745
cy=193
dimMixer=1.0
gainMin=0
gainMax=2
fx=0
curseurEtat=0
curseurType=0
curseurX=0
curseurY=0
listfx=
px=782
py=189
px=770
py=228
px=733
py=226
px=695
py=207
px=707
py=184
px=732
py=156
px=750
py=161
px=765
py=164
distanceMax=51.923
pad=5
dim=8
fileSound=
path=
canaux=0
daw=0
duree0
track=0
cx=687
cy=147
dimMixer=1.0
gainMin=0
gainMax=2
fx=0
curseurEtat=0
curseurType=0
curseurX=0
curseurY=0
listfx=
px=729
py=151
px=690
py=201
px=669
py=185
px=654
py=164
px=641
py=131
px=667
py=122
px=688
py=106
px=714
py=121
distanceMax=54.0833
pad=6
dim=8
fileSound=
path=
canaux=0
daw=0
duree0
track=0
cx=599
cy=95
dimMixer=1.0
gainMin=0
gainMax=2
fx=0
curseurEtat=0
curseurType=0
curseurX=0
curseurY=0
listfx=
px=634
py=73
px=640
py=128
px=608
py=130
px=570
py=122
px=550
py=114
px=566
py=87
px=578
py=55
px=613
py=56
distanceMax=52.6308
pad=7
dim=6
fileSound=
path=
canaux=0
daw=0
duree0
track=0
cx=538
cy=69
dimMixer=1.0
gainMin=0
gainMax=2
fx=0
curseurEtat=0
curseurType=0
curseurX=0
curseurY=0
listfx=
px=576
py=54
px=551
py=111
px=517
py=88
px=494
py=57
px=529
py=33
px=558
py=34
distanceMax=45.607
pad=8
dim=8
fileSound=
path=
canaux=0
daw=0
duree0
track=0
cx=385.354
cy=62.1212
dimMixer=1.0
gainMin=0
gainMax=2
fx=0
curseurEtat=0
curseurType=0
curseurX=0
curseurY=0
listfx=
px=413.636
py=41.9192
px=426.768
py=52.0202
px=405.556
py=86.3636
px=370.202
py=109.596
px=358.081
py=80.303
px=343.939
py=50
px=371.162
py=26.7576
px=399.444
py=22.7172
distanceMax=49.8341
pad=9
dim=8
fileSound=
path=
canaux=0
daw=0
duree0
track=0
cx=318.687
cy=88.3838
dimMixer=1.0
gainMin=0
gainMax=2
fx=0
curseurEtat=0
curseurType=0
curseurX=0
curseurY=0
listfx=
px=341.919
py=52.0202
px=369.192
py=110.606
px=326.768
py=125.758
px=275.253
py=123.737
px=281.313
py=98.4848
px=282.323
py=66.1616
px=298.485
py=59.0909
px=306.566
py=45.9596
distanceMax=56.0032
pad=10
dim=8
fileSound=
path=
canaux=0
daw=0
duree0
track=0
cx=223.737
cy=142.929
dimMixer=1.0
gainMin=0
gainMax=2
fx=0
curseurEtat=0
curseurType=0
curseurX=0
curseurY=0
listfx=
px=272.222
py=124.747
px=250
py=173.232
px=216.667
py=205.556
px=197.475
py=176.263
px=174.242
py=145.96
px=188.384
py=111.616
px=203.535
py=107.576
px=219.697
py=98.4848
distanceMax=63.0248
pad=11
dim=8
fileSound=
path=
canaux=0
daw=0
duree0
track=0
cx=161.111
cy=193.434
dimMixer=1.0
gainMin=0
gainMax=2
fx=0
curseurEtat=0
curseurType=0
curseurX=0
curseurY=0
listfx=
px=212.626
py=207.576
px=186.364
py=223.737
px=155.051
py=232.828
px=125.758
py=228.788
px=118.687
py=186.364
px=136.869
py=160.101
px=172.222
py=151.01
px=192.424
py=179.293
distanceMax=53.4209
pad=12
dim=6
fileSound=
path=
canaux=0
daw=0
duree0
track=0
cx=93.4343
cy=259.091
dimMixer=1.0
gainMin=0
gainMax=2
fx=0
curseurEtat=0
curseurType=0
curseurX=0
curseurY=0
listfx=
px=121.717
py=267.172
px=96.4646
py=299.495
px=60.101
py=269.192
px=64.1414
py=242.929
px=84.3434
py=226.768
px=127.778
py=233.838
distanceMax=42.6287
pad=13
dim=8
fileSound=
path=
canaux=0
daw=0
duree0
track=0
cx=83.3333
cy=354.04
dimMixer=1.0
gainMin=0
gainMax=2
fx=0
curseurEtat=0
curseurType=0
curseurX=0
curseurY=0
listfx=
px=120.707
py=337.879
px=135.859
py=385.354
px=47.9798
py=390.404
px=45.9596
py=370.202
px=37.8788
py=352.02
px=47.9798
py=320.707
px=72.2222
py=312.626
px=92.4243
py=296.465
distanceMax=61.1516
pad=14
dim=8
fileSound=
path=
canaux=0
daw=0
duree0
track=0
cx=85.3535
cy=439.899
dimMixer=1.0
gainMin=0
gainMax=2
fx=0
curseurEtat=0
curseurType=0
curseurX=0
curseurY=0
listfx=
px=134.848
py=448.99
px=111.616
py=504.545
px=85.3535
py=439.899
px=44.9495
py=477.273
px=31.8182
py=435.859
px=56.0606
py=395.455
px=93.4343
py=394.444
px=132.828
py=390.404
distanceMax=69.777
pad=15
dim=8
fileSound=
path=
canaux=0
daw=0
duree0
track=0
cx=121.717
cy=576.263
dimMixer=1.0
gainMin=0
gainMax=2
fx=0
curseurEtat=0
curseurType=0
curseurX=0
curseurY=0
listfx=
px=186.364
py=599.495
px=105.556
py=633.838
px=89.3939
py=613.636
px=68.1818
py=599.495
px=63.1313
py=558.081
px=87.3737
py=538.889
px=112.626
py=505.556
px=159.091
py=546.97
distanceMax=71.289
pad=16
dim=8
fileSound=
path=
canaux=0
daw=0
duree0
track=0
cx=156.061
cy=660.101
dimMixer=1.0
gainMin=0
gainMax=2
fx=0
curseurEtat=0
curseurType=0
curseurX=0
curseurY=0
listfx=
px=197.475
py=706.566
px=169.192
py=701.515
px=138.889
py=708.586
px=122.727
py=689.394
px=105.556
py=680.303
px=107.576
py=635.859
px=189.394
py=597.475
px=200.505
py=644.949
distanceMax=70.9444
pad=17
dim=6
fileSound=
path=
canaux=0
daw=0
duree0
track=0
cx=216
cy=751
dimMixer=1.0
gainMin=0
gainMax=2
fx=0
curseurEtat=0
curseurType=0
curseurX=0
curseurY=0
listfx=
px=264
py=756
px=223
py=792
px=191
py=782
px=176
py=758
px=196
py=712
px=232
py=728
distanceMax=48.2597
pad=18
dim=8
fileSound=
path=
canaux=0
daw=0
duree0
track=0
cx=321
cy=784
dimMixer=1.0
gainMin=0
gainMax=2
fx=0
curseurEtat=0
curseurType=0
curseurX=0
curseurY=0
listfx=
px=364
py=821
px=343
py=824
px=314
py=835
px=285
py=815
px=267
py=759
px=311
py=741
px=371
py=732
px=369
py=770
distanceMax=72.1388
pad=19
dim=8
fileSound=
path=
canaux=0
daw=0
duree0
track=0
cx=419
cy=792
dimMixer=1.0
gainMin=0
gainMax=2
fx=0
curseurEtat=0
curseurType=0
curseurX=0
curseurY=0
listfx=
px=471
py=805
px=455
py=841
px=411
py=852
px=366
py=821
px=371
py=775
px=375
py=733
px=444
py=749
px=488
py=774
distanceMax=73.6003
pad=20
dim=8
fileSound=
path=
canaux=0
daw=0
duree0
track=0
cx=559
cy=774
dimMixer=1.0
gainMin=0
gainMax=2
fx=0
curseurEtat=0
curseurType=0
curseurX=0
curseurY=0
listfx=
px=618
py=791
px=585
py=830
px=544
py=831
px=523
py=802
px=494
py=773
px=537
py=735
px=595
py=711
px=607
py=758
distanceMax=72.5603
pad=21
dim=6
fileSound=
path=
canaux=0
daw=0
duree0
track=0
cx=654
cy=745
dimMixer=1.0
gainMin=0
gainMax=2
fx=0
curseurEtat=0
curseurType=0
curseurX=0
curseurY=0
listfx=
px=693
py=771
px=668
py=794
px=618
py=790
px=597
py=710
px=648
py=705
px=697
py=715
distanceMax=66.888
pad=22
dim=6
fileSound=
path=
canaux=0
daw=0
duree0
track=0
cx=744
cy=700
dimMixer=1.0
gainMin=0
gainMax=2
fx=0
curseurEtat=0
curseurType=0
curseurX=0
curseurY=0
listfx=
px=777
py=699
px=774
py=722
px=744
py=735
px=699
py=715
px=718
py=685.038
px=751
py=658
distanceMax=47.4342
pad=23
dim=8
fileSound=
path=
canaux=0
daw=0
duree0
track=0
cx=781
cy=609
dimMixer=1.0
gainMin=0
gainMax=2
fx=0
curseurEtat=0
curseurType=0
curseurX=0
curseurY=0
listfx=
px=829
py=622
px=813
py=632
px=804
py=650
px=752
py=655
px=744
py=605
px=744
py=563
px=818
py=582
px=821
py=602
distanceMax=59.0339
